Grid2
 3 0 1 0 8 6 5 0 4 0 4 6 5 2 1 0 7 0 5 0 0 0 0 0 0 0 1 4 0 0 8 0 0 0 0 2 0 8 0 3 4 7 9 0 0 0 0 9 0 5 0 0 3 8 0 0 4 0 9 0 2 0 0 0 0 8 7 3 4 0 9 0 0 0 7 2 0 8 1 0 3
Grid1
 0 7 0 0 0 0 0 4 3 0 4 0 0 0 9 6 1 0 8 0 0 6 3 4 9 0 0 0 9 4 0 5 2 0 0 0 3 5 8 4 6 0 0 2 0 0 0 0 8 0 0 5 3 0 0 8 0 0 7 0 0 9 1 9 0 2 1 0 0 0 0 5 0 0 7 0 4 0 8 0 2
Grid3
 0 4 8 3 0 1 5 6 0 3 6 0 0 0 8 0 9 0 9 1 0 6 7 0 0 0 3 0 2 0 0 0 0 9 3 5 5 0 9 0 1 0 2 0 0 6 7 0 0 2 0 0 1 0 0 0 4 0 0 2 1 0 7 0 9 0 1 0 0 0 0 8 1 5 0 8 3 4 0 2 9
Grid4
 0 0 8 3 1 7 0 0 0 0 0 4 2 0 5 1 0 9 0 0 0 0 4 0 0 7 0 3 2 7 1 6 0 9 0 4 9 0 1 4 5 0 0 0 0 0 4 5 7 0 0 8 0 0 0 3 0 0 0 1 0 6 0 8 7 2 6 0 4 0 0 0 4 1 6 0 7 0 0 8 0
Grid5
 0 4 0 8 9 0 6 3 0 0 0 0 1 3 6 8 2 0 8 0 0 7 4 0 5 1 9 0 0 0 4 6 7 0 5 2 4 5 0 0 2 0 7 0 0 2 6 7 0 1 0 0 0 0 5 2 0 0 0 3 4 0 0 0 1 0 2 8 0 9 7 0 0 0 4 0 5 0 0 6 3
Grid6
 5 6 1 0 9 2 7 3 0 0 2 0 7 8 0 0 9 0 9 0 0 0 0 5 0 4 6 6 0 0 0 0 0 4 2 7 0 1 0 0 7 0 0 0 3 0 7 3 0 0 0 8 1 9 0 3 5 9 0 0 6 7 0 7 0 0 1 0 3 0 8 0 0 0 0 0 0 0 0 5 0
Grid7
 3 1 0 4 5 0 9 0 0 0 7 2 9 8 6 1 4 3 9 0 6 0 1 0 5 0 8 6 3 9 1 7 8 0 2 0 1 5 0 0 9 0 8 0 6 0 0 4 0 0 3 7 0 0 0 0 5 7 3 1 0 0 9 7 0 1 8 2 9 3 5 0 0 0 0 6 4 5 0 1 0
Grid8
 8 0 0 1 3 4 9 0 2 0 4 1 0 9 6 0 8 0 0 0 5 0 7 0 0 1 0 0 0 8 6 0 5 0 0 0 4 0 6 3 1 0 0 0 9 0 2 3 0 4 0 8 6 0 5 0 0 7 0 9 0 0 0 0 1 0 0 8 0 0 4 0 0 0 0 4 0 1 0 0 6
Grid9
 1 6 5 2 9 3 0 0 4 0 0 0 0 0 1 6 3 2 0 2 3 0 6 0 0 9 0 0 0 9 1 7 5 0 0 0 5 0 0 9 0 0 0 1 8 0 0 2 0 3 0 0 4 9 0 9 8 0 0 0 0 0 6 0 0 0 0 0 0 9 5 0 0 0 0 4 2 9 3 8 1
Grid10
 0 0 0 0 0 3 6 1 0 0 0 0 0 1 5 0 0 7 0 0 0 0 0 8 0 9 0 0 8 6 0 0 0 7 0 0 0 3 0 8 0 0 1 0 0 5 0 0 1 2 0 3 0 9 0 0 5 0 6 0 9 0 4 0 6 0 9 0 0 5 3 0 4 0 3 7 0 1 0 0 8
Grid11
 4 0 5 0 0 1 0 6 8 0 7 3 6 2 8 5 0 0 0 0 9 0 0 3 0 7 0 2 4 0 7 9 0 0 3 0 0 0 6 1 0 2 0 0 5 9 5 0 0 0 0 0 2 1 5 0 7 0 6 4 2 1 3 0 8 0 2 1 7 0 5 0 6 1 2 3 0 0 0 0 7
Grid12
 9 6 0 4 0 5 1 0 0 0 2 0 0 6 0 5 0 4 0 0 1 7 0 3 0 0 6 1 0 0 0 0 4 0 0 0 4 9 0 1 3 0 0 5 0 0 0 2 0 0 7 6 0 1 2 0 9 0 0 6 0 3 8 0 7 0 2 1 8 9 0 5 6 0 0 0 7 9 0 0 0
Grid13
 9 0 4 5 2 0 0 7 0 0 0 1 8 9 0 2 4 0 0 0 2 6 4 3 0 0 0 0 7 0 9 6 0 3 8 0 0 0 0 1 0 8 7 0 0 6 0 0 0 0 0 0 1 0 0 9 0 0 8 0 0 0 0 0 0 0 7 5 0 0 3 0 0 0 0 3 1 2 5 6 9
Grid14
 0 0 1 4 0 8 0 0 6 0 9 3 5 2 0 7 4 1 0 0 0 0 1 0 5 2 0 6 0 2 0 8 0 3 0 0 0 0 7 0 6 0 0 0 0 0 0 5 0 3 9 0 6 0 0 6 4 0 5 2 1 0 9 0 2 0 0 0 0 6 5 4 5 0 0 6 0 7 0 8 3
Grid15
 0 0 7 3 0 0 0 5 4 2 4 5 0 8 0 9 0 0 0 0 3 0 4 0 0 7 0 0 7 0 9 6 0 0 0 0 0 0 0 0 2 0 7 6 0 0 0 0 8 0 1 0 0 2 0 0 8 2 9 4 0 1 6 6 0 9 1 0 8 0 2 0 0 0 0 0 0 7 0 0 3
Grid16
 0 0 5 3 4 6 1 7 0 0 0 0 0 0 0 0 5 0 0 0 0 8 0 0 0 0 9 5 0 2 9 3 0 7 4 1 0 7 0 0 0 0 0 0 3 0 0 0 7 0 0 0 2 0 0 9 0 0 5 0 6 3 2 2 0 7 6 0 0 4 0 0 6 0 0 4 2 0 0 0 7
Grid17
 3 2 0 0 9 0 4 0 0 7 0 5 0 2 1 8 0 0 0 0 1 0 6 0 3 7 2 2 1 8 0 3 7 0 0 9 5 0 0 4 8 0 7 0 0 0 0 0 0 0 5 0 0 0 6 7 0 0 0 0 2 8 0 0 0 0 8 7 3 9 0 0 8 0 4 0 0 0 1 0 7
Grid18
 0 0 0 0 3 0 0 0 7 4 8 0 9 6 0 5 0 1 0 6 3 5 7 0 8 2 0 0 0 9 6 1 0 2 0 3 3 5 0 0 9 7 0 0 6 0 0 0 0 0 5 0 9 4 0 0 0 0 0 0 0 0 5 8 0 4 7 0 6 9 1 0 0 0 1 0 4 0 0 7 0
Grid19
 0 8 7 0 0 2 0 1 0 2 0 4 0 1 7 0 0 3 0 0 6 8 0 0 7 0 5 5 0 8 0 0 1 0 0 0 6 4 0 0 0 8 1 0 0 0 0 2 0 5 0 6 7 0 4 3 9 1 8 0 0 0 7 0 2 0 9 0 0 0 3 0 7 0 0 0 2 3 0 9 1
Grid20
 0 4 0 0 0 0 0 0 8 7 6 0 0 2 0 3 4 9 0 0 0 4 7 0 5 0 0 9 0 0 0 0 0 0 3 0 0 0 0 0 3 6 7 0 2 3 0 8 9 4 7 0 0 0 0 0 0 0 0 4 0 1 0 2 0 0 7 0 0 6 0 3 6 9 0 0 0 1 0 0 0
Grid21
 0 0 7 0 0 9 0 5 0 0 4 0 0 0 0 9 3 0 0 5 9 7 4 0 0 8 0 0 0 0 0 1 6 7 9 0 0 8 3 0 0 0 0 0 2 7 1 0 0 0 0 0 0 0 8 3 0 0 6 0 0 2 0 0 0 0 3 9 5 0 1 8 6 0 5 0 2 0 0 7 0
Grid22
 6 2 0 7 4 0 1 0 0 0 7 0 1 0 0 0 5 2 5 0 8 0 0 0 3 7 0 0 6 7 3 0 0 9 0 0 0 9 0 0 0 0 0 6 0 8 0 0 9 7 0 0 3 1 0 0 2 0 0 0 0 0 6 0 0 0 8 0 0 0 0 0 4 5 0 0 0 2 0 0 3
Grid23
 6 2 7 1 4 0 5 0 3 3 4 5 2 0 6 9 7 1 0 8 9 5 0 3 6 0 2 0 0 0 7 0 0 3 6 4 7 9 3 0 5 4 0 1 8 4 6 0 0 0 8 0 5 9 0 5 6 0 3 1 0 9 7 9 7 1 0 0 5 8 3 6 8 3 4 0 6 7 1 0 5
Grid24
 7 2 0 8 9 0 5 0 0 3 9 0 4 6 0 1 0 0 0 0 0 2 1 7 8 9 0 8 0 9 0 0 2 0 0 0 2 0 4 0 0 8 0 0 0 1 0 5 0 4 9 2 8 7 6 1 0 0 0 0 0 2 8 0 8 0 0 2 0 9 1 5 9 5 0 7 0 1 0 4 0
Grid25
 8 0 3 7 0 0 0 0 0 0 2 6 0 0 0 0 0 4 0 9 7 1 0 0 2 0 3 7 0 5 0 0 0 9 0 8 9 0 1 0 7 0 0 4 0 0 3 8 4 0 1 5 6 7 1 7 0 9 5 0 8 0 0 6 8 0 2 1 0 4 3 5 3 5 2 8 4 6 0 0 0
Grid26
 2 0 6 0 0 7 9 0 5 3 4 5 0 9 2 0 1 8 0 0 0 8 5 0 0 6 0 0 0 0 5 0 9 0 0 0 7 0 8 0 0 0 4 5 0 0 0 4 0 8 3 1 2 6 4 2 0 0 6 0 5 8 0 5 7 1 2 0 0 0 9 4 8 6 0 0 0 0 2 0 0
Grid27
 7 0 0 0 0 0 0 0 0 4 0 0 7 0 8 0 6 1 1 0 0 2 9 6 8 4 7 0 0 0 0 0 1 4 0 0 8 0 1 0 0 0 0 3 0 0 9 0 6 0 0 0 7 5 0 8 0 0 1 0 0 0 6 0 0 7 0 5 2 3 9 4 9 3 5 4 6 7 0 1 0
Grid28
 9 0 0 0 0 0 0 0 2 0 1 0 0 6 0 3 9 0 0 8 3 9 0 0 1 0 0 8 0 4 0 9 5 0 0 7 1 3 0 6 7 0 0 4 9 0 6 0 0 4 1 0 0 0 3 0 2 0 1 0 0 5 0 0 0 0 5 0 0 0 0 0 5 4 1 0 8 0 0 3 0
Grid29
 0 0 5 0 0 0 0 6 0 0 0 0 0 0 6 3 0 2 0 4 0 0 8 1 5 9 7 0 1 2 0 3 8 7 5 4 0 0 0 2 0 0 8 1 0 0 8 7 0 1 4 0 0 0 1 2 0 0 0 7 6 8 0 0 0 0 0 9 2 0 3 0 9 5 4 8 6 0 2 0 0
Grid30
 7 0 9 0 0 0 1 0 0 4 2 1 0 0 0 0 5 0 3 0 0 7 0 0 0 0 8 1 0 0 0 0 0 3 0 2 9 0 8 3 2 0 0 0 0 0 0 2 0 7 0 8 0 9 0 7 0 5 3 0 4 0 0 0 9 0 0 0 0 6 7 5 0 0 0 6 0 0 0 9 3
Grid31
 0 0 1 3 0 0 0 0 2 0 7 9 0 0 0 0 0 0 0 2 0 6 7 0 9 0 3 0 0 0 9 6 7 3 0 0 7 5 0 0 0 1 0 4 9 0 8 0 5 0 3 1 0 0 0 4 0 7 0 2 5 3 0 2 0 5 8 0 6 7 0 0 1 0 7 4 0 5 0 6 0
Grid32
 6 0 0 0 1 7 4 0 0 4 0 1 0 0 3 0 0 8 0 5 9 8 0 0 7 2 1 1 2 0 0 0 0 0 5 0 0 0 0 0 4 0 8 0 0 0 0 8 0 2 0 1 0 0 0 0 4 5 3 0 0 0 7 7 0 0 0 9 0 0 8 6 2 6 3 1 7 0 0 0 0
Grid33
 8 0 0 0 0 5 0 4 7 0 4 0 0 0 8 5 0 0 0 0 0 0 0 0 6 3 0 0 0 0 0 0 0 4 9 0 5 9 0 0 4 0 0 0 2 0 7 2 0 0 6 3 0 5 9 8 0 0 0 0 2 7 3 0 6 7 8 0 4 0 5 1 0 3 0 0 7 0 0 0 0
Grid34
 4 0 0 0 0 0 0 7 0 0 6 0 8 5 0 2 4 0 0 0 0 3 0 1 0 6 5 0 4 9 0 7 8 5 0 0 0 0 7 0 3 2 0 0 8 2 8 0 0 0 9 4 3 0 1 2 0 7 0 3 0 0 4 7 0 0 0 1 0 0 0 0 0 0 6 2 0 0 0 0 9
Grid35
 5 0 0 0 0 0 2 6 0 0 2 4 0 8 6 0 0 0 8 0 7 1 5 2 3 0 0 0 0 0 6 0 0 7 0 3 0 0 3 4 0 0 0 0 6 7 0 0 0 9 8 1 2 0 0 3 0 8 0 0 6 0 0 0 7 2 0 0 0 4 8 1 0 0 0 0 7 0 0 0 0
Grid36
 6 0 4 0 0 1 0 3 5 0 0 3 4 5 0 0 0 1 5 2 1 9 0 0 0 0 0 0 6 9 8 0 7 1 0 4 2 5 0 0 1 4 0 0 7 4 1 0 0 9 0 0 0 6 0 0 0 0 6 0 0 1 0 0 0 0 0 3 9 0 7 0 0 7 0 1 4 0 5 0 3
Grid37
 4 2 0 7 9 6 0 5 0 3 0 0 2 8 0 4 9 7 8 7 9 0 0 4 6 1 2 6 9 0 0 0 5 2 0 1 5 3 8 4 0 0 0 0 9 0 1 0 3 6 9 0 0 4 9 8 3 6 4 7 0 2 5 0 0 6 1 5 0 0 0 0 1 0 0 0 2 0 3 4 6
Grid38
 0 8 0 0 0 0 0 9 0 0 9 0 5 0 2 0 0 0 0 0 3 0 0 1 4 0 8 0 0 7 0 9 0 6 3 0 0 0 0 0 0 0 0 0 1 6 5 0 0 2 0 0 0 0 9 0 0 3 0 0 0 8 0 3 1 0 0 4 0 9 7 0 0 0 2 8 7 9 0 1 3
Grid39
 0 0 5 0 2 0 0 4 0 0 0 7 0 9 0 3 1 8 1 0 6 8 4 0 0 7 0 5 1 0 0 0 0 6 9 3 3 0 0 0 0 0 7 0 0 0 7 4 2 3 0 0 0 1 0 5 0 7 6 4 1 8 9 0 4 0 0 0 1 0 0 2 0 8 1 9 0 2 0 3 0
Grid40
 0 0 0 0 0 0 0 6 5 0 0 4 0 5 6 7 0 1 0 7 0 8 1 3 9 4 0 0 0 6 0 0 5 4 9 0 5 0 0 6 9 0 0 0 0 0 0 9 0 4 2 0 0 0 0 6 2 5 0 4 1 7 9 0 0 0 0 0 0 0 3 0 0 0 0 0 0 0 6 2 8
Grid41
 7 9 0 0 4 8 0 6 0 1 2 5 9 7 6 3 0 0 0 4 0 3 0 5 7 2 0 9 8 0 6 5 7 4 1 3 0 0 7 1 0 0 8 5 6 0 0 1 0 0 0 0 0 7 0 0 6 0 0 2 1 3 5 0 0 9 7 0 1 0 0 0 0 1 0 5 0 0 0 0 0
Grid42
 2 9 0 8 0 0 3 0 0 0 0 0 0 0 0 0 4 6 7 8 6 5 0 0 2 0 0 0 2 0 0 0 0 1 0 0 1 0 0 0 0 9 4 8 2 6 4 7 0 0 0 9 0 3 8 7 5 2 0 0 0 0 4 3 1 0 6 4 5 7 0 0 0 0 9 0 0 8 0 0 0
Grid43
 1 8 0 0 2 3 0 0 0 9 4 2 5 0 0 0 0 8 0 6 0 0 1 0 0 9 2 2 0 9 8 4 0 0 0 0 6 0 8 3 9 5 0 4 0 3 0 0 0 6 7 8 5 0 8 0 6 0 0 0 0 2 7 4 0 7 0 0 2 9 0 0 0 0 1 7 0 0 0 0 4
Grid44
 9 0 8 2 6 0 3 5 1 5 0 0 0 9 4 8 7 2 0 0 2 0 1 0 4 0 9 0 0 3 0 0 0 0 8 4 1 5 4 0 8 3 0 0 7 0 2 0 0 0 0 9 0 5 7 6 0 1 0 0 0 4 0 0 0 9 0 0 6 0 0 0 0 0 1 0 0 5 0 9 0
Grid45
 9 5 0 0 6 4 0 3 7 0 4 6 0 8 1 0 5 9 0 0 1 5 3 9 0 8 0 0 3 4 1 0 6 0 7 0 8 6 5 0 0 0 0 2 0 0 9 0 0 2 8 0 0 0 5 0 0 6 1 2 0 0 0 6 1 3 4 7 0 0 9 0 0 0 0 8 9 0 0 0 5
Grid46
 0 7 0 6 2 0 5 0 9 0 2 9 4 0 0 0 0 0 6 8 0 5 7 0 0 0 0 3 0 0 0 0 0 0 0 0 8 0 6 7 5 0 0 9 3 0 0 0 0 8 6 0 0 5 0 0 0 0 0 0 1 7 0 0 6 4 0 3 0 0 0 0 0 0 5 0 0 4 0 3 2
Grid47
 7 9 0 4 0 0 8 0 1 1 0 0 7 8 0 0 9 0 0 0 0 9 1 0 4 0 2 9 7 5 8 2 1 0 4 6 0 0 0 0 0 0 7 8 5 0 0 6 5 0 4 0 0 0 2 0 7 0 9 0 0 3 4 3 0 0 2 0 0 9 0 8 0 0 9 1 0 0 6 2 7
Grid48
 6 0 0 5 0 2 0 0 0 4 5 0 0 9 3 7 0 0 0 3 0 6 8 4 0 9 0 2 0 3 8 0 0 5 6 0 0 0 1 0 0 0 0 0 2 0 0 7 0 2 5 0 1 0 0 0 5 0 3 6 4 0 0 3 2 0 7 5 0 6 0 1 9 7 6 4 1 8 0 5 3
Grid49
 8 7 0 5 0 0 0 6 0 0 1 0 0 0 0 2 0 7 6 4 0 1 8 0 5 0 9 0 0 0 0 0 1 0 0 0 1 2 0 0 0 6 0 7 5 0 0 8 0 7 2 0 0 6 0 0 0 6 0 5 0 0 8 0 0 0 0 0 4 0 0 0 9 0 4 0 0 8 6 2 1
Grid50
 0 3 2 1 0 4 0 7 0 5 0 0 3 0 0 0 0 2 0 0 0 6 2 5 0 0 0 0 8 0 0 6 1 0 2 0 0 0 7 4 0 2 6 0 8 2 0 1 7 8 0 0 5 4 6 4 0 0 0 0 0 3 0 0 9 8 0 0 3 7 0 0 7 2 3 0 5 6 0 0 1